yr jday month day hour minute sec lat lon depth magnitude moment RMS erh erz npicks id dbid
2014 271 09 28 18 26 41.947 43.72460 -121.30808  1.057 0.024 1.2191e+16 0.03  0.44  0.50 11 140928182641 151
2014 272 09 29 01 11  0.001 43.72440 -121.30837  1.215 0.063 1.3957e+16 0.01  0.43  0.74 10 140929011100 152
2014 272 09 29 09 57 54.187 43.71980 -121.31587  1.874 0.794 1.7414e+17 0.12  0.36  0.53 17 140929095754 153
2014 272 09 29 12 12 31.886 43.72415 -121.31063  1.300 0.336 3.5802e+16 0.04  0.44  0.54 12 140929121231 154
2014 272 09 29 18 03 37.746 43.72507 -121.31078  1.322 0.637 1.0132e+17 0.04  0.34  0.43 16 140929180337 155
2014 272 09 29 23 21 35.332 43.72750 -121.30963  1.223 0.105 1.6104e+16 0.01  0.48  0.74 09 140929232135 156
2014 273 09 30 05 45  4.618 43.72615 -121.30927  1.140 -0.021 1.0438e+16 0.01  0.42  0.64 10 140930054504 157
2014 273 09 30 06 45  0.903 43.72480 -121.30775  1.148 0.480 5.8842e+16 0.01  0.38  0.67 11 140930064500 158
2014 273 09 30 09 23 48.800 43.72615 -121.31062  1.194 0.821 1.9150e+17 0.03  0.27  0.46 17 140930092348 159
2014 273 09 30 15 35 52.524 43.72548 -121.30932  0.912 0.245 2.6185e+16 0.02  0.40  0.51 11 140930153552 160
2014 273 09 30 19 29 44.818 43.72578 -121.30833  1.046 0.181 2.0999e+16 0.01  0.43  0.60 10 140930192944 161
2014 273 09 30 20 13 48.176 43.72515 -121.30918  0.655 0.282 2.9682e+16 0.01  0.44  0.72 09 140930201348 162
2014 273 09 30 21 09 48.909 43.73535 -121.31987  0.120 -0.143 6.8507e+15 0.04  0.38  1.01 07 140930210949 163
2014 273 09 30 21 30 43.570 43.72665 -121.31235  1.308 0.998 3.5235e+17 0.07  0.35  0.42 15 140930213043 164
2014 273 09 30 21 36 36.420 43.72458 -121.30890  0.916 0.332 3.5285e+16 0.03  0.37  0.56 11 140930213636 165
2014 273 09 30 22 12 13.750 43.72630 -121.30913  0.915 0.170 2.0200e+16 0.02  0.62  1.56 06 140930221213 166
2014 273 09 30 22 20 17.392 43.72543 -121.30977  0.664 0.222 2.4148e+16 0.01  0.45  0.66 08 140930222017 167
2014 273 09 30 23 01 25.125 43.72583 -121.30863  1.210 0.086 1.5115e+16 0.02  0.44  0.58 10 140930230125 168
2014 273 09 30 23 55 21.753 43.72602 -121.31147  1.303 0.481 5.9182e+16 0.03  0.28  0.43 17 140930235521 169
2014 274 10 01 00 18 27.880 43.72512 -121.30813  0.840 0.135 1.7861e+16 0.02  0.39  0.51 11 141001001827 170
2014 274 10 01 01 03 14.644 43.72523 -121.31150  0.611 0.976 3.2693e+17 0.03  0.30  0.41 14 141001010314 171
2014 274 10 01 02 43 59.037 43.72420 -121.30923  1.273 -0.005 1.1016e+16 0.02  0.34  0.46 14 141001024359 172
2014 274 10 01 04 49 51.368 43.72880 -121.31025  0.859 0.011 1.1657e+16 0.05  0.29  0.44 14 141001044951 173
2014 274 10 01 05 22  3.058 43.72568 -121.31052  0.873 0.028 1.2371e+16 0.02  0.37  0.54 11 141001052203 174
2014 274 10 01 05 25 38.345 43.72618 -121.30750  0.838 0.175 2.0506e+16 0.05  0.32  0.44 13 141001052538 175
2014 274 10 01 05 26 23.692 43.72748 -121.31112  0.482 -0.186 5.8957e+15 0.04  0.35  0.58 10 141001052623 176
2014 274 10 01 05 33 34.316 43.72587 -121.31050  0.808 0.058 1.3690e+16 0.02  0.36  0.48 12 141001053334 177
2014 274 10 01 05 34 12.320 43.72677 -121.30937  0.795 0.094 1.5550e+16 0.02  0.41  0.61 09 141001053412 178
2014 274 10 01 05 37 13.400 43.72685 -121.30892  0.697 0.074 1.4467e+16 0.02  0.29  0.48 14 141001053713 179
2014 274 10 01 05 41 55.038 43.72628 -121.30937  0.754 0.250 2.6617e+16 0.01  0.38  0.55 10 141001054155 180
2014 274 10 01 05 58 29.409 43.72593 -121.30902  1.117 0.019 1.1998e+16 0.01  0.44  0.88 08 141001055829 181
2014 274 10 01 06 02 30.840 43.72655 -121.31110  0.433 0.258 2.7314e+16 0.03  0.31  0.47 11 141001060231 182
2014 274 10 01 06 59  0.860 43.72578 -121.30877  1.040 0.219 2.3915e+16 0.01  0.50  0.66 09 141001065901 183
2014 274 10 01 08 01 31.651 43.72585 -121.31090  0.806 -0.042 9.7075e+15 0.03  0.40  0.51 10 141001080131 184
2014 274 10 01 08 08 58.156 43.72503 -121.30997  1.148 0.849 2.1064e+17 0.03  0.29  0.42 17 141001080858 185
2014 274 10 01 08 19 57.099 43.72592 -121.31068  0.744 0.397 4.4209e+16 0.03  0.36  0.42 12 141001081957 186
2014 274 10 01 08 44  6.906 43.72793 -121.30812  0.780 0.004 1.1386e+16 0.10  0.30  0.59 11 141001084406 187
2014 274 10 01 08 49 42.973 43.72473 -121.31025  0.726 0.889 2.4167e+17 0.03  0.26  0.50 15 141001084943 188
2014 274 10 01 08 50 35.985 43.72605 -121.31125  1.027 0.252 2.6776e+16 0.03  0.37  0.56 12 141001085035 189
2014 274 10 01 09 00 39.410 43.72488 -121.31185  1.438 0.395 4.3885e+16 0.08  0.34  0.52 15 141001090039 190
2014 274 10 01 09 55 59.271 43.72473 -121.30945  1.063 -0.011 1.0784e+16 0.03  0.52  1.43 07 141001095559 191
2014 274 10 01 10 35 44.111 43.72652 -121.30982  0.582 0.096 1.5616e+16 0.01  0.33  0.47 12 141001103544 192
2014 274 10 01 10 50 55.301 43.72628 -121.31088  0.928 0.815 1.8747e+17 0.04  0.27  0.39 17 141001105055 193
2014 274 10 01 12 03 16.869 43.72395 -121.31048  1.139 1.077 4.6254e+17 0.03  0.24  0.41 18 141001120316 194
2014 274 10 01 12 14 55.901 43.72253 -121.31383  1.406 0.338 3.6000e+16 0.13  0.33  0.42 15 141001121455 195
2014 274 10 01 12 32 38.135 43.72722 -121.31437  0.851 0.316 3.3374e+16 0.07  0.27  0.47 15 141001123238 196
2014 274 10 01 12 51 13.390 43.72612 -121.30893  1.166 -0.013 1.0728e+16 0.02  0.32  0.50 13 141001125113 197
2014 274 10 01 13 18 41.022 43.72500 -121.30995  1.318 0.094 1.5522e+16 0.01  0.46  0.73 09 141001131840 198
2014 274 10 01 13 53 28.313 43.72705 -121.30980  1.389 -0.030 1.0106e+16 0.03  0.36  0.52 12 141001135328 199
2014 274 10 01 14 21  2.479 43.72603 -121.30790  1.007 0.124 1.7190e+16 0.02  0.43  0.52 11 141001142102 200
2014 274 10 01 14 53  5.096 43.72578 -121.31257  0.684 1.369 1.2692e+18 0.04  0.30  0.45 17 141001145305 201
2014 274 10 01 14 58  1.418 43.72615 -121.30940  0.820 0.206 2.2822e+16 0.02  0.33  0.56 12 141001145801 202
2014 274 10 01 14 58  9.213 43.72675 -121.30902  0.761 0.042 1.2988e+16 0.01  0.67  1.31 06 141001145809 203
2014 274 10 01 15 01 55.095 43.72647 -121.31118  0.716 0.651 1.0641e+17 0.03  0.31  0.48 14 141001150155 204
2014 274 10 01 16 56 11.311 43.72142 -121.30635  1.339 1.616 2.9820e+18 0.05  0.55  0.69 08 141001165611 205
2014 274 10 01 17 21 27.459 43.72483 -121.30820  0.853 0.181 2.0971e+16 0.03  0.40  0.60 11 141001172127 206
2014 274 10 01 17 28  9.664 43.72687 -121.30883  0.481 -0.004 1.1049e+16 0.01  0.39  0.76 09 141001172809 207
2014 274 10 01 18 11 50.031 43.72623 -121.31020  0.917 -0.015 1.0652e+16 0.02  0.35  0.49 12 141001181150 208
2014 274 10 01 19 05 16.353 43.72568 -121.31168  0.713 1.268 8.9499e+17 0.04  0.31  0.50 15 141001190516 209
2014 274 10 01 20 15 38.270 43.72858 -121.30632 -1.500 -0.199 5.6339e+15 0.08  0.22  6.11 09 141001201538 210
2014 274 10 01 20 47 39.675 43.72660 -121.31098  1.107 0.509 6.5148e+16 0.22  0.41  0.58 13 141001204739 211
2014 274 10 01 21 29 35.385 43.70088 -121.32233  2.195 0.599 8.8876e+16 0.16  0.42  0.73 11 141001212935 212
2014 274 10 01 22 13 54.197 43.72562 -121.30205  1.130 0.593 8.6885e+16 0.16  0.41  0.58 12 141001221354 213
2014 275 10 02 02 10 14.334 43.72680 -121.30972  0.950 0.127 1.7395e+16 0.01  0.43  0.81 09 141002021014 214
2014 275 10 02 03 53 12.120 43.72540 -121.31173  0.975 0.283 2.9785e+16 0.03  0.32  0.46 14 141002035312 215
2014 275 10 02 03 56 59.386 43.72192 -121.31528  1.208 0.734 1.4173e+17 0.11  0.23  0.42 18 141002035659 216
2014 275 10 02 04 09 59.252 43.72610 -121.31027  1.270 -0.017 1.0597e+16 0.01  0.43  0.85 08 141002040959 217
2014 275 10 02 05 19 50.182 43.72732 -121.31107  0.742 0.306 3.2243e+16 0.02  0.40  0.65 10 141002051950 218
2014 275 10 02 05 38 45.580 43.72518 -121.30862  0.870 0.304 3.2008e+16 0.01  0.44  0.66 10 141002053845 219
2014 275 10 02 05 44 21.514 43.72760 -121.30995  0.748 -0.023 1.0361e+16 0.02  0.36  0.51 11 141002054421 220
2014 275 10 02 06 38 47.451 43.72602 -121.31248  0.907 0.811 1.8441e+17 0.03  0.31  0.47 16 141002063847 221
2014 275 10 02 06 47 52.831 43.72292 -121.31160  1.494 1.145 5.8598e+17 0.11  0.25  0.38 19 141002064752 222
2014 275 10 02 07 07 11.694 43.72500 -121.31350  0.433 1.229 7.8293e+17 0.05  0.22  0.32 20 141002070711 223
2014 275 10 02 07 21 48.560 43.71790 -121.32222  2.392 0.629 9.8568e+16 0.18  0.40  0.60 15 141002072148 224
2014 275 10 02 08 07 44.265 43.72610 -121.31353  0.816 0.221 2.4088e+16 0.08  0.34  0.53 12 141002080744 225
2014 275 10 02 08 28  7.304 43.72548 -121.30995  1.212 0.059 1.3769e+16 0.02  0.32  0.42 14 141002082807 226
2014 275 10 02 09 02 33.394 43.72565 -121.30972  1.293 0.200 2.2413e+16 0.02  0.32  0.47 14 141002090233 227
2014 275 10 02 09 03 53.300 43.72642 -121.31077  1.206 0.490 6.0979e+16 0.03  0.28  0.45 16 141002090353 228
2014 275 10 02 09 11 44.902 43.72668 -121.30942  1.109 0.013 1.1732e+16 0.02  0.32  0.42 14 141002091144 229
2014 275 10 02 10 13 43.604 43.72632 -121.30867  0.892 0.177 2.0706e+16 0.04  0.32  0.46 14 141002101343 230
2014 275 10 02 11 01 48.098 43.72677 -121.31265  0.290 1.080 4.6718e+17 0.05  0.19  0.36 19 141002110148 231
2014 275 10 02 12 06 44.442 43.72590 -121.30940  1.120 0.032 1.2532e+16 0.01  0.38  0.55 11 141002120644 232
2014 275 10 02 12 39  9.175 43.72532 -121.31270  0.621 0.844 2.0707e+17 0.05  0.23  0.35 19 141002123909 233
2014 275 10 02 13 05 22.827 43.72478 -121.31147  1.083 0.706 1.2834e+17 0.08  0.41  0.61 13 141002130522 234
2014 275 10 02 14 03 53.248 43.72542 -121.30917  0.783 0.252 2.6746e+16 0.01  0.33  0.54 12 141002140352 235
2014 275 10 02 14 50 41.872 43.72582 -121.30935  0.738 0.303 3.2006e+16 0.02  0.38  0.66 10 141002145041 236
2014 275 10 02 16 12 20.483 43.72585 -121.31157  0.950 0.542 7.2992e+16 0.02  0.34  0.50 12 141002161220 237
2014 275 10 02 16 42  7.281 43.72553 -121.31022  1.011 0.814 1.8643e+17 0.02  0.27  0.41 16 141002164207 238
2014 275 10 02 18 43 19.061 43.72567 -121.30850  0.991 0.040 1.2894e+16 0.03  0.38  0.60 10 141002184319 239
2014 275 10 02 18 53 48.570 43.72507 -121.31280  1.122 0.908 2.5785e+17 0.07  0.30  0.45 17 141002185348 240
2014 275 10 02 20 02  1.389 43.72445 -121.30872  0.791 0.287 3.0239e+16 0.02  0.42  0.67 08 141002200201 241
2014 275 10 02 20 04 19.896 43.72320 -121.31065  1.325 0.540 7.2383e+16 0.03  0.50  0.72 08 141002200419 242
2014 275 10 02 20 13 25.142 43.72613 -121.31152  0.949 0.444 5.2021e+16 0.02  0.38  0.55 12 141002201325 243
2014 275 10 02 20 16 39.750 43.72842 -121.30940  0.937 0.256 2.7187e+16 0.01  0.54  0.76 07 141002201639 244
2014 275 10 02 20 36 51.014 43.72440 -121.31273  1.440 0.983 3.3483e+17 0.05  0.26  0.37 21 141002203650 245
2014 275 10 02 21 11 55.599 43.72602 -121.31043  0.801 0.060 1.3827e+16 0.00  0.80  1.38 05 141002211155 246
2014 276 10 03 01 13 15.180 43.72810 -121.30972  0.930 0.050 1.3316e+16 0.01  0.54  0.76 07 141003011315 247
2014 276 10 03 01 27 22.901 43.72622 -121.31147  0.953 -0.027 1.0224e+16 0.03  0.40  0.56 10 141003012722 248
2014 276 10 03 02 39  1.161 43.72597 -121.30988  0.807 0.427 4.8991e+16 0.03  0.41  0.55 11 141003023901 249
2014 276 10 03 02 39  7.806 43.72645 -121.31017  0.662 -0.001 1.1192e+16 0.05  0.29  0.47 12 141003023906 250
2014 276 10 03 03 54  8.692 43.72565 -121.31105  1.018 0.651 1.0628e+17 0.02  0.31  0.49 14 141003035409 251
2014 276 10 03 04 45  9.084 43.72512 -121.31492  0.614 0.716 1.3310e+17 0.05  0.24  0.39 15 141003044509 252
2014 276 10 03 04 45 21.366 43.72618 -121.31100  0.653 -0.011 1.0816e+16 0.01  0.38  0.56 10 141003044521 253
2014 276 10 03 06 06 22.721 43.72493 -121.31322  1.061 1.156 6.0770e+17 0.09  0.26  0.37 20 141003060622 254
2014 276 10 03 06 09 21.897 43.72648 -121.31217  0.690 0.602 8.9772e+16 0.03  0.32  0.42 14 141003060921 255
2014 276 10 03 07 46  4.601 43.72515 -121.31083  0.744 0.295 3.1130e+16 0.01  0.35  0.54 12 141003074604 256
2014 276 10 03 07 55 54.925 43.72538 -121.30958  0.865 0.041 1.2947e+16 0.02  0.38  0.55 11 141003075554 257
2014 276 10 03 14 01 58.158 43.72597 -121.31023  0.865 0.071 1.4357e+16 0.02  0.32  0.47 13 141003140158 258
2014 276 10 03 14 25 37.892 43.72935 -121.30942  1.353 -0.028 1.0170e+16 0.03  0.48  0.61 09 141003142537 259
2014 276 10 03 14 31 49.116 43.72623 -121.31120  0.921 0.059 1.3745e+16 0.02  0.34  0.48 12 141003143149 260
2014 276 10 03 15 27 57.841 43.72492 -121.30957  1.172 0.861 2.1972e+17 0.04  0.28  0.46 17 141003152757 261
2014 276 10 03 15 28 11.873 43.72538 -121.31118  0.900 0.400 4.4613e+16 0.03  0.42  0.56 10 141003152811 262
2014 276 10 03 15 28 19.833 43.72708 -121.31280  1.221 0.470 5.6895e+16 0.04  0.33  0.44 15 141003152819 263
2014 276 10 03 17 00 53.964 43.72538 -121.31183  0.867 0.740 1.4430e+17 0.04  0.29  0.39 17 141003170053 264
2014 276 10 03 17 55 51.972 43.72638 -121.30917  0.841 0.084 1.5003e+16 0.02  0.40  0.58 10 141003175551 265
2014 276 10 03 18 54 54.212 43.72477 -121.31157  0.545 1.044 4.1267e+17 0.04  0.32  0.50 13 141003185454 266
2014 277 10 04 01 37 41.899 43.72477 -121.30980  0.581 0.542 7.2930e+16 0.04  0.36  0.57 11 141004013741 267
2014 277 10 04 03 16 27.596 43.72620 -121.30967  0.925 0.153 1.9025e+16 0.02  0.35  0.58 11 141004031627 268
2014 277 10 04 05 29  8.417 43.72595 -121.31042  0.592 0.939 2.8728e+17 0.04  0.26  0.35 17 141004052908 269
2014 277 10 04 07 37 50.234 43.72693 -121.31022  0.626 0.147 1.8657e+16 0.05  0.29  0.49 13 141004073750 270
2014 277 10 04 09 39 42.542 43.72560 -121.31108  0.834 -0.097 8.0147e+15 0.04  0.33  0.48 12 141004093942 271
2014 277 10 04 09 54 30.627 43.72600 -121.30858  0.804 0.092 1.5434e+16 0.01  0.40  0.53 11 141004095430 272
2014 277 10 04 11 29 23.118 43.72622 -121.30883  1.021 0.061 1.3844e+16 0.01  0.39  0.55 11 141004112923 273
2014 277 10 04 11 29 34.288 43.72583 -121.30797  1.253 0.287 3.0282e+16 0.02  0.34  0.50 13 141004112934 274
2014 277 10 04 12 21 27.172 43.72493 -121.30793  0.922 -0.007 1.0945e+16 0.01  0.63  1.36 06 141004122127 275
2014 277 10 04 12 42 53.361 43.72643 -121.31055  0.959 0.138 1.8079e+16 0.02  0.38  0.62 10 141004124253 276
2014 277 10 04 15 22 43.870 43.73010 -121.31050  1.047 -0.281 4.2525e+15 0.01  0.71  1.55 05 141004152243 277
2014 277 10 04 15 44 23.392 43.72572 -121.30788  1.297 0.314 3.3243e+16 0.02  0.39  0.74 11 141004154423 278
2014 277 10 04 17 32 52.767 43.72482 -121.31250  0.594 1.616 2.9823e+18 0.04  0.27  0.39 17 141004173252 279
2014 277 10 04 17 50  4.988 43.72492 -121.31185  1.081 0.479 5.8648e+16 0.03  0.45  0.63 10 141004175004 280
2014 277 10 04 18 51 11.990 43.72587 -121.31443  0.894 2.108 1.6312e+19 0.05  0.21  0.30 23 141004185111 281
2014 277 10 04 20 17 28.018 43.72605 -121.30702  0.951 -0.026 1.0250e+16 0.01  0.60  2.18 05 141004201728 282
2014 277 10 04 21 09  4.233 43.72543 -121.31070  0.764 0.216 2.3626e+16 0.01  0.62  0.79 06 141004210904 283
2014 277 10 04 21 29 47.648 43.72575 -121.31048  1.130 0.549 7.4763e+16 0.03  0.40  0.54 12 141004212947 284
2014 277 10 04 22 43 53.253 43.72410 -121.30460  1.101 0.135 1.7914e+16 0.02  0.52  0.72 07 141004224353 285
2014 278 10 05 00 03 10.184 43.72938 -121.31540  1.842 0.025 1.2215e+16 0.06  0.64  1.14 06 141005000310 286
2014 278 10 05 00 07 17.295 43.73222 -121.31325 -0.118 0.158 1.9332e+16 0.14  0.22  0.45 12 141005000716 287
2014 278 10 05 01 04 21.370 43.72897 -121.31018  0.968 -0.063 9.0285e+15 0.01  0.48  0.60 08 141005010421 288
2014 278 10 05 01 40  0.478 43.72665 -121.30955  0.995 0.207 2.2954e+16 0.02  0.38  0.50 11 141005014000 289
2014 278 10 05 02 06 17.077 43.72570 -121.31203  0.952 0.860 2.1851e+17 0.06  0.28  0.41 17 141005020617 290
2014 278 10 05 02 14 37.351 43.72605 -121.31150  0.604 0.792 1.7318e+17 0.04  0.24  0.44 17 141005021437 291
2014 278 10 05 04 07 30.432 43.72525 -121.31298  0.778 1.694 3.8964e+18 0.04  0.31  0.44 14 141005040730 292
2014 278 10 05 04 30 37.504 43.72517 -121.31170  0.893 0.386 4.2599e+16 0.02  0.43  0.60 10 141005043037 293
2014 278 10 05 05 20 57.391 43.72772 -121.30802  1.053 0.122 1.7104e+16 0.03  0.40  0.62 09 141005052057 294
2014 278 10 05 06 05 13.283 43.72658 -121.31102  0.683 1.299 9.9687e+17 0.04  0.28  0.48 15 141005060513 295
2014 278 10 05 06 16 36.709 43.73605 -121.31850  1.981 0.465 5.5883e+16 0.05  0.53  1.48 09 141005061636 296
2014 278 10 05 08 23 28.912 43.72663 -121.30678  1.121 0.086 1.5118e+16 0.00  0.78  1.51 05 141005082328 297
2014 278 10 05 08 56 13.678 43.72642 -121.30828  1.206 0.308 3.2559e+16 0.01  0.43  0.61 10 141005085613 298
2014 278 10 05 14 06 51.487 43.72733 -121.31003  0.792 0.355 3.8192e+16 0.01  0.40  0.56 09 141005140651 299
2014 278 10 05 15 32 42.977 43.72937 -121.30578  1.027 0.049 1.3302e+16 0.02  0.40  0.84 09 141005153242 300
2014 278 10 05 15 36 54.526 43.72775 -121.31000  0.854 -0.018 1.0552e+16 0.02  0.46  0.70 08 141005153654 301
2014 278 10 05 15 55 21.098 43.71918 -121.31303  1.215 0.753 1.5132e+17 0.13  0.32  0.50 15 141005155521 302
2014 278 10 05 16 07 32.907 43.72377 -121.31363  1.195 0.853 2.1378e+17 0.11  0.23  0.40 20 141005160732 303
2014 278 10 05 20 14 11.048 43.72678 -121.30870  1.019 -0.114 7.5568e+15 0.01  0.69  2.13 05 141005201411 304
2014 278 10 05 23 22 16.600 43.72497 -121.30927  1.138 0.894 2.4627e+17 0.03  0.35  0.46 15 141005232216 305
2014 279 10 06 00 30 52.778 43.72778 -121.31090  0.630 0.339 3.6155e+16 0.02  0.39  0.60 10 141006003052 306
2014 279 10 06 03 29 32.030 43.72675 -121.30797  1.090 0.476 5.8156e+16 0.02  0.30  0.47 14 141006032932 307
2014 279 10 06 04 02 55.854 43.72458 -121.31048  1.009 0.624 9.6915e+16 0.02  0.40  0.54 12 141006040255 308
2014 279 10 06 05 17 58.365 43.72760 -121.30828  0.921 0.061 1.3837e+16 0.01  0.49  0.79 08 141006051758 309
2014 279 10 06 06 13 48.778 43.72557 -121.31147  0.701 0.602 8.9744e+16 0.03  0.30  0.43 13 141006061348 310
2014 279 10 06 21 16 20.800 43.72755 -121.30828  1.214 0.088 1.5180e+16 0.02  0.48  0.82 08 141006211620 311
2014 280 10 07 06 12  8.715 43.72660 -121.30998  0.810 0.633 9.9845e+16 0.02  0.32  0.46 13 141007061208 312
2014 280 10 07 07 26 23.319 43.72593 -121.31077  1.349 0.505 6.4128e+16 0.02  0.29  0.45 15 141007072623 313
2014 280 10 07 08 10  3.102 43.72732 -121.30817  0.612 0.118 1.6881e+16 0.03  0.31  0.64 12 141007081003 314
2014 280 10 07 10 47 21.109 43.72300 -121.31217  0.943 0.844 2.0701e+17 0.05  0.28  0.53 14 141007104721 315
2014 280 10 07 11 35 33.553 43.72553 -121.30885  0.663 -0.044 9.6503e+15 0.01  0.37  0.53 10 141007113533 316
2014 280 10 07 13 24 10.340 43.72482 -121.30875  0.905 0.241 2.5757e+16 0.03  0.36  0.56 11 141007132410 317
2014 281 10 08 07 05  6.118 43.72733 -121.30843  1.021 0.508 6.4892e+16 0.03  0.50  0.59 09 141008070506 318
2014 281 10 08 07 23  6.528 43.72360 -121.31130  1.288 0.162 1.9648e+16 0.02  0.43  0.75 08 141008072306 319
2014 281 10 08 14 04  1.025 43.72413 -121.31035  0.589 0.485 5.9893e+16 0.03  0.33  0.60 11 141008140400 320
2014 281 10 08 14 07 57.405 43.72602 -121.31038  0.383 0.217 2.3771e+16 0.01  0.45  0.95 07 141008140757 321
2014 281 10 08 16 01 37.410 43.72612 -121.30995  0.812 0.280 2.9555e+16 0.01  0.49  0.80 08 141008160137 322
2014 281 10 08 19 08 20.774 43.72468 -121.30995  0.912 0.503 6.3834e+16 0.03  0.35  0.61 11 141008190820 323
2014 281 10 08 20 35 48.050 43.72757 -121.31072  0.875 -0.024 1.0321e+16 0.01  0.48  0.63 09 141008203548 324
2014 281 10 08 21 16 58.371 43.72665 -121.30988  0.739 0.440 5.1370e+16 0.01  0.46  0.67 09 141008211658 325
2014 282 10 09 00 40  1.832 43.72400 -121.30675  0.830 0.169 2.0096e+16 0.01  0.50  1.85 07 141009004001 326
2014 282 10 09 06 24 33.531 43.72692 -121.31073  0.841 0.740 1.4472e+17 0.02  0.31  0.48 15 141009062433 327
2014 282 10 09 07 25  8.395 43.72555 -121.30945  0.499 0.130 1.7596e+16 0.02  0.41  0.90 08 141009072508 328
2014 282 10 09 10 16 10.036 43.72552 -121.31125  1.095 0.670 1.1351e+17 0.02  0.46  0.82 08 141009101609 329
2014 282 10 09 21 35 19.678 43.72600 -121.31112  0.808 0.385 4.2455e+16 0.01  0.44  0.64 09 141009213519 330
2014 283 10 10 01 09 37.562 43.72707 -121.31082  0.836 0.340 3.6292e+16 0.02  0.34  0.45 12 141010010937 331
2014 283 10 10 01 36 39.281 43.72738 -121.31013  0.637 0.046 1.3151e+16 0.01  0.47  0.72 08 141010013639 332
2014 283 10 10 04 08  8.757 43.73238 -121.30750  0.469 -0.125 7.2941e+15 0.04  0.54  0.79 07 141010040808 333
2014 283 10 10 04 16 18.628 43.72513 -121.30825  0.814 0.259 2.7470e+16 0.01  0.42  0.58 10 141010041618 334
2014 283 10 10 05 15 15.046 43.72667 -121.31058  0.783 0.132 1.7728e+16 0.02  0.35  0.49 12 141010051515 335
2014 283 10 10 06 14 44.365 43.72552 -121.31068  1.269 -0.048 9.4940e+15 0.03  0.45  0.93 09 141010061444 336
2014 283 10 10 06 54 56.761 43.72545 -121.31257  0.791 0.742 1.4569e+17 0.03  0.33  0.59 13 141010065456 337
2014 283 10 10 07 42  5.423 43.72510 -121.31150  0.801 -0.065 8.9503e+15 0.02  0.36  0.56 11 141010074205 338
2014 283 10 10 08 04 30.092 43.72643 -121.31218  0.974 0.575 8.1817e+16 0.03  0.38  0.69 12 141010080430 339
2014 283 10 10 11 49 22.348 43.72553 -121.30765  0.917 0.070 1.4277e+16 0.02  0.51  0.71 09 141010114922 340
2014 283 10 10 14 01  5.054 43.72642 -121.30860  0.723 -0.061 9.0920e+15 0.02  0.47  0.76 08 141010140105 341
2014 284 10 11 03 29  5.846 43.72562 -121.31443  0.241 0.852 2.1249e+17 0.05  0.21  0.39 15 141011032905 342
2014 284 10 11 05 46  3.126 43.72790 -121.30898  0.955 0.013 1.1739e+16 0.02  0.48  0.72 09 141011054603 343
2014 284 10 11 09 12  2.571 43.72685 -121.30888  0.826 0.087 1.5159e+16 0.01  0.44  0.80 09 141011091202 344
2014 284 10 11 10 25 23.672 43.72680 -121.30903  0.809 0.065 1.4040e+16 0.02  0.39  0.54 10 141011102523 345
2014 284 10 11 10 53 26.705 43.72535 -121.31273  0.483 0.719 1.3447e+17 0.06  0.23  0.36 18 141011105326 346
2014 284 10 11 11 40 38.066 43.72622 -121.30867  0.849 0.129 1.7538e+16 0.03  0.42  0.81 09 141011114038 347
2014 284 10 11 19 22 35.118 43.72607 -121.30877  1.188 0.229 2.4736e+16 0.01  0.48  0.77 09 141011192235 348
2014 285 10 12 01 58  6.815 43.72705 -121.30970  0.575 0.075 1.4545e+16 0.01  0.45  0.96 07 141012015807 349
2014 285 10 12 10 12 29.769 43.72773 -121.31105  0.574 0.844 2.0721e+17 0.06  0.28  0.51 16 141012101229 350
2014 285 10 12 11 13 57.775 43.72693 -121.30900  0.503 0.156 1.9198e+16 0.05  0.28  0.54 13 141012111357 351
2014 285 10 12 16 37 43.488 43.72913 -121.31420  0.346 1.453 1.6982e+18 0.09  0.21  0.33 20 141012163743 352
2014 285 10 12 16 47  1.264 43.72537 -121.31342  0.583 0.693 1.2272e+17 0.04  0.28  0.51 15 141012164701 353
2014 285 10 12 18 33  4.864 43.72542 -121.31098  0.691 0.919 2.6857e+17 0.04  0.27  0.39 16 141012183304 354
2014 285 10 12 20 34 18.997 43.72602 -121.31207  0.749 0.294 3.0958e+16 0.02  0.37  0.57 11 141012203418 355
2014 285 10 12 21 10 19.020 43.72545 -121.31297  0.701 0.825 1.9359e+17 0.04  0.31  0.49 13 141012211018 356
2014 285 10 12 21 10 23.398 43.72523 -121.31218  0.719 0.893 2.4553e+17 0.03  0.31  0.48 13 141012211023 357
2014 286 10 13 00 57  6.825 43.72380 -121.31517  0.946 1.341 1.1529e+18 0.06  0.26  0.50 17 141013005706 358
2014 286 10 13 02 33 12.759 43.72607 -121.31008  0.799 0.104 1.6090e+16 0.01  0.47  0.61 09 141013023312 359
2014 286 10 13 04 12 29.236 43.72575 -121.31327  1.012 1.172 6.4334e+17 0.05  0.32  0.39 17 141013041229 360
2014 286 10 13 04 12 59.310 43.72692 -121.31007  0.977 -0.027 1.0229e+16 0.01  0.43  0.81 08 141013041259 361
2014 286 10 13 06 10 48.890 43.72643 -121.31160  0.704 0.018 1.1952e+16 0.02  0.75  1.69 05 141013061048 362
2014 286 10 13 06 40 26.263 43.72645 -121.30947  0.833 0.435 5.0352e+16 0.01  0.43  0.56 10 141013064026 363
2014 286 10 13 07 28 43.914 43.72628 -121.30783  0.709 0.095 1.5568e+16 0.01  0.39  0.60 10 141013072843 364
2014 286 10 13 09 08 35.264 43.71395 -121.31977  0.741 0.254 2.7012e+16 0.11  0.34  0.77 11 141013090835 365
2014 286 10 13 09 50 54.630 43.72542 -121.30937  1.019 0.226 2.4483e+16 0.02  0.36  0.55 11 141013095054 366
2014 286 10 13 10 22 29.182 43.72740 -121.31008  0.730 0.846 2.0832e+17 0.06  0.30  0.60 14 141013102229 367
2014 286 10 13 12 57 26.239 43.72505 -121.31372  0.889 0.339 3.6238e+16 0.04  0.30  0.47 14 141013125726 368
2014 286 10 13 14 45 26.430 43.72732 -121.31025  0.918 0.185 2.1265e+16 0.01  0.56  0.94 07 141013144526 369
2014 287 10 14 05 46 14.060 43.72505 -121.31128  0.744 0.977 3.2767e+17 0.03  0.31  0.45 16 141014054614 370
2014 288 10 15 03 21 38.670 43.72607 -121.30972  0.800 0.223 2.4217e+16 0.01  0.36  0.44 11 141015032138 371
2014 288 10 15 03 49 43.465 43.72513 -121.31157  0.770 -0.017 1.0596e+16 0.01  0.50  0.93 07 141015034943 372
2014 288 10 15 04 54  0.074 43.72570 -121.31288  0.714 0.054 1.3521e+16 0.01  0.55  0.73 08 141015045400 373
2014 288 10 15 05 08  0.454 43.72603 -121.31412  0.859 0.471 5.7105e+16 0.03  0.32  0.48 13 141015050800 374
2014 288 10 15 15 03 44.729 43.72525 -121.30953  0.848 0.783 1.6794e+17 0.02  0.29  0.46 14 141015150344 375
2014 288 10 15 15 37 26.042 43.72565 -121.31050  0.976 0.893 2.4494e+17 0.03  0.33  0.49 14 141015153726 376
2014 288 10 15 17 43 42.966 43.72438 -121.30865  0.737 0.024 1.2181e+16 0.01  0.53  0.88 08 141015174342 377
2014 289 10 16 14 50 23.493 43.72653 -121.31065  0.778 0.122 1.7099e+16 0.01  0.45  0.59 09 141016145023 378
2014 289 10 16 15 52 19.606 43.72535 -121.31050  0.917 0.600 8.8977e+16 0.03  0.31  0.42 14 141016155219 379
2014 289 10 16 16 53 27.554 43.72633 -121.31378  0.374 0.725 1.3723e+17 0.08  0.23  0.43 16 141016165327 380
2014 289 10 16 23 08 36.382 43.72648 -121.31082  0.756 0.108 1.6269e+16 0.01  0.45  0.74 09 141016230836 381
2014 290 10 17 01 01  8.524 43.72672 -121.31243  0.514 0.196 2.2092e+16 0.02  0.34  0.53 11 141017010108 382
2014 290 10 17 01 54  0.104 43.72470 -121.31347  0.771 0.026 1.2276e+16 0.01  0.51  0.61 08 141017015400 383
2014 290 10 17 11 16 40.272 43.72452 -121.31138  0.769 0.073 1.4445e+16 0.00  0.68  1.17 06 141017111639 384
2014 290 10 17 18 13 40.099 43.72603 -121.31245  0.465 0.113 1.6556e+16 0.01  0.39  0.70 08 141017181340 385
2014 291 10 18 07 08  9.447 43.72575 -121.31212  0.785 -0.058 9.1736e+15 0.01  0.56  1.00 06 141018070809 386
2014 291 10 18 07 31 23.616 43.72585 -121.31342  0.833 0.400 4.4653e+16 0.01  0.45  0.87 08 141018073123 387
2014 291 10 18 07 39 20.691 43.72462 -121.31142  0.643 0.198 2.2268e+16 0.02  0.37  0.62 11 141018073920 388
2014 291 10 18 13 20 39.378 43.72672 -121.31205  0.752 -0.024 1.0325e+16 0.01  0.47  0.70 08 141018132039 389
2014 291 10 18 13 57 23.996 43.72477 -121.30632  0.879 0.005 1.1428e+16 0.00  0.63  1.55 05 141018135723 390
2014 291 10 18 23 57  3.835 43.72618 -121.31317  0.637 0.894 2.4634e+17 0.02  0.28  0.52 15 141018235703 391
2014 292 10 19 09 07 50.448 43.72605 -121.31367  0.691 0.667 1.1219e+17 0.03  0.28  0.48 16 141019090750 392
2014 292 10 19 09 26 49.037 43.72618 -121.31065  0.682 0.127 1.7417e+16 0.03  0.33  0.76 11 141019092648 393
2014 292 10 19 20 04 10.828 43.72798 -121.31162  0.913 0.468 5.6450e+16 0.06  0.35  0.60 12 141019200410 394
2014 293 10 20 01 52 54.363 43.72550 -121.31230  0.789 -0.159 6.4834e+15 0.01  0.47  0.63 08 141020015254 395
2014 295 10 22 16 26 15.663 43.74248 -121.31465  0.345 0.229 2.4713e+16 0.03  0.29  0.54 11 141022162615 396
2014 296 10 23 20 57 54.060 43.72463 -121.31190  0.627 0.349 3.7471e+16 0.01  0.54  0.87 07 141023205754 397
2014 296 10 23 21 02 22.361 43.72567 -121.31083  0.674 0.593 8.6862e+16 0.02  0.35  0.59 11 141023210222 398
2014 299 10 26 07 29 26.142 43.72608 -121.31162  1.073 0.492 6.1471e+16 0.03  0.39  0.52 12 141026072926 399
2014 299 10 26 07 37 35.769 43.72597 -121.31008  0.765 0.517 6.6805e+16 0.02  0.33  0.47 14 141026073735 400
2014 299 10 26 08 12  9.048 43.72710 -121.31127  0.664 0.162 1.9600e+16 0.02  0.44  0.81 08 141026081208 401
2014 306 11 02 22 32 57.295 43.72487 -121.31158  1.122 -0.065 8.9774e+15 0.01  0.59  1.76 06 141102223257 402
2014 319 11 15 17 38 30.447 43.72652 -121.31422  0.715 0.390 4.3212e+16 0.06  0.27  0.63 14 141115173830 403
2014 319 11 15 17 39 25.268 43.72658 -121.30975  0.436 -0.025 1.0283e+16 0.02  0.25  0.52 14 141115173925 404
2014 319 11 15 20 54 10.902 43.72587 -121.30908  0.588 0.232 2.4964e+16 0.03  0.32  0.55 12 141115205410 405
2014 319 11 15 21 08 12.956 43.72595 -121.31147  0.809 0.736 1.4256e+17 0.03  0.28  0.45 16 141115210813 406
2014 319 11 15 21 16 31.999 43.72448 -121.30680  0.968 0.248 2.6411e+16 0.02  0.49  0.61 09 141115211632 407
2014 319 11 15 21 56 10.650 43.72562 -121.30798  0.883 0.253 2.6918e+16 0.02  0.34  0.44 13 141115215610 408
2014 319 11 15 22 40  3.761 43.72405 -121.31495  0.590 0.784 1.6824e+17 0.09  0.28  0.48 16 141115224004 409
2014 320 11 16 16 22  8.753 43.72608 -121.31200  0.550 0.765 1.5740e+17 0.05  0.33  0.54 14 141116162208 410
2014 320 11 16 16 22 50.500 43.72837 -121.31202  0.491 0.279 2.9405e+16 0.06  0.24  0.43 16 141116162250 411
2014 320 11 16 16 44 33.151 43.72693 -121.31135  0.645 0.737 1.4318e+17 0.03  0.34  0.55 10 141116164432 412
2014 320 11 16 16 44 39.311 43.72622 -121.31335  0.311 0.949 2.9718e+17 0.05  0.20  0.30 20 141116164439 413
2014 320 11 16 16 45  9.881 43.72483 -121.31145 -0.012 0.707 1.2915e+17 0.07  0.18  0.29 17 141116164510 414
2014 320 11 16 18 52  9.671 43.72657 -121.31147  0.875 0.864 2.2189e+17 0.04  0.35  0.54 14 141116185209 415
2014 320 11 16 23 02 40.493 43.72638 -121.31360  0.215 1.447 1.6637e+18 0.04  0.23  0.38 15 141116230240 416
2014 320 11 16 23 04 53.306 43.72665 -121.31348  0.673 -0.136 7.0218e+15 0.03  0.36  0.55 10 141116230453 417
2014 320 11 16 23 09 57.967 43.72570 -121.31207  0.787 0.702 1.2676e+17 0.03  0.41  0.67 11 141116230957 418
2014 321 11 17 03 34 37.603 43.72692 -121.31507  0.237 1.062 4.3966e+17 0.06  0.16  0.27 23 141117033437 419
2014 321 11 17 03 41 42.856 43.72657 -121.31297  0.553 0.697 1.2479e+17 0.06  0.22  0.39 18 141117034142 420
2014 321 11 17 04 41 53.076 43.72370 -121.31608  0.720 2.281 2.9589e+19 0.06  0.21  0.36 23 141117044153 421
2014 321 11 17 04 58  6.999 43.72460 -121.31020  0.496 0.367 3.9813e+16 0.07  0.27  0.45 14 141117045807 422
2014 321 11 17 05 25 37.302 43.72657 -121.31143  0.700 0.046 1.3136e+16 0.03  0.28  0.45 14 141117052537 423
2014 321 11 17 05 40 30.653 43.72718 -121.31212  0.757 0.644 1.0365e+17 0.03  0.23  0.47 16 141117054030 424
2014 321 11 17 07 46 59.517 43.72628 -121.31298  0.975 0.172 2.0330e+16 0.03  0.33  0.49 13 141117074659 425
2014 321 11 17 07 47 43.561 43.72580 -121.31317  0.505 0.712 1.3133e+17 0.05  0.22  0.34 19 141117074743 426
2014 321 11 17 07 48 23.970 43.72530 -121.31803  0.365 0.573 8.1150e+16 0.07  0.19  0.25 20 141117074824 427
2014 321 11 17 09 17 47.104 43.72738 -121.31218  0.615 0.050 1.3339e+16 0.03  0.28  0.58 14 141117091747 428
2014 321 11 17 10 47 47.424 43.72507 -121.31267  0.524 0.582 8.3828e+16 0.04  0.27  0.54 16 141117104747 429
2014 321 11 17 17 33 15.711 43.72795 -121.30977  0.672 0.098 1.5716e+16 0.03  0.37  0.54 11 141117173316 430
2014 321 11 17 23 31 42.314 43.72575 -121.31643  0.360 1.148 5.9122e+17 0.07  0.20  0.30 22 141117233142 431
2014 322 11 18 17 19 26.405 43.73052 -121.31502 -1.500 -0.201 5.6136e+15 0.24  0.11  2.37 13 141118171926 432
2014 323 11 19 00 06 53.219 43.72440 -121.31128  0.420 -0.087 8.3031e+15 0.02  0.27  0.45 13 141119000653 433
2014 323 11 19 02 24 22.146 43.72745 -121.31342  0.703 -0.044 9.6250e+15 0.04  0.27  0.45 14 141119022422 434
2014 323 11 19 03 18 45.155 43.72685 -121.31220  0.569 0.432 4.9942e+16 0.04  0.27  0.43 15 141119031845 435
2014 323 11 19 07 51 31.262 43.72782 -121.31162  0.439 0.414 4.6962e+16 0.05  0.21  0.43 17 141119075131 436
2014 323 11 19 07 51 36.924 43.72738 -121.31050  0.489 0.072 1.4385e+16 0.03  0.38  0.58 09 141119075136 437
2014 323 11 19 07 51 48.248 43.72640 -121.31263  0.618 0.676 1.1597e+17 0.05  0.28  0.42 15 141119075148 438
2014 323 11 19 12 55 16.162 43.72565 -121.30053  1.811 0.170 2.0218e+16 0.35  0.70  2.27 06 141119125516 439
2014 323 11 19 12 55 28.183 43.72812 -121.31257  0.918 0.006 1.1448e+16 0.01  0.66  0.99 06 141119125528 440
2014 323 11 19 12 55 44.463 43.72632 -121.30968  0.593 0.024 1.2197e+16 0.02  0.33  0.49 11 141119125544 441
2014 323 11 19 14 59 52.080 43.72618 -121.31115  0.814 0.327 3.4664e+16 0.02  0.31  0.48 14 141119145952 442
2014 323 11 19 15 03 58.817 43.72615 -121.31327  0.967 0.782 1.6689e+17 0.05  0.28  0.47 17 141119150358 443
2014 323 11 19 15 04  5.402 43.72502 -121.31140  0.992 0.486 6.0077e+16 0.03  0.43  0.71 11 141119150405 444
2014 323 11 19 17 04 49.586 43.72590 -121.31403  1.176 0.943 2.9107e+17 0.06  0.30  0.38 18 141119170449 445
2014 323 11 19 17 05 46.853 43.72587 -121.31098  0.929 0.415 4.7095e+16 0.03  0.33  0.47 13 141119170546 446
2014 323 11 19 23 15  1.580 43.72732 -121.31093  0.718 0.295 3.1060e+16 0.03  0.32  0.47 12 141119231501 447
2014 324 11 20 07 55 16.370 43.72622 -121.31102  1.130 0.220 2.4013e+16 0.03  0.32  0.49 14 141120075516 448
2014 324 11 20 10 34 24.386 43.72752 -121.31135  0.756 0.292 3.0715e+16 0.02  0.32  0.45 14 141120103424 449
2014 324 11 20 10 46 14.070 43.72655 -121.30982  0.748 0.042 1.2955e+16 0.02  0.33  0.45 12 141120104614 450
2014 324 11 20 11 01 20.178 43.72583 -121.31012  0.742 0.289 3.0491e+16 0.02  0.31  0.42 14 141120110119 451
2014 324 11 20 12 46  1.808 43.72397 -121.30967  0.936 0.091 1.5344e+16 0.02  0.35  0.50 12 141120124601 452
2014 324 11 20 12 46  9.189 43.72757 -121.30985  0.815 -0.124 7.3132e+15 0.01  0.59  0.80 06 141120124609 453
2014 324 11 20 15 19 37.881 43.72620 -121.31028  0.893 0.150 1.8842e+16 0.02  0.32  0.45 14 141120151937 454
2014 324 11 20 15 19 44.565 43.72682 -121.31138  0.915 0.094 1.5529e+16 0.04  0.37  0.50 12 141120151944 455
2014 324 11 20 15 41 27.667 43.72813 -121.30987  0.300 -0.016 1.0624e+16 0.08  0.27  0.44 12 141120154127 456
2014 324 11 20 17 06 10.040 43.72628 -121.30952  1.092 0.330 3.5114e+16 0.02  0.39  0.51 13 141120170610 457
2014 324 11 20 18 47 49.387 43.72645 -121.30965  1.466 0.192 2.1765e+16 0.02  0.45  0.81 11 141120184749 458
2014 324 11 20 22 47 44.382 43.72505 -121.30868  0.774 0.095 1.5564e+16 0.03  0.35  0.52 11 141120224744 459
2014 325 11 21 00 38 43.021 43.72497 -121.30930  1.031 0.097 1.5674e+16 0.02  0.38  0.56 12 141121003843 460
2014 325 11 21 00 42 31.392 43.72798 -121.31018  0.772 0.029 1.2405e+16 0.04  0.32  0.63 12 141121004231 461
2014 325 11 21 02 22  0.087 43.72765 -121.31567  0.813 0.614 9.3566e+16 0.06  0.29  0.45 16 141121022159 462
2014 325 11 21 02 39 22.337 43.72553 -121.31012  0.805 0.165 1.9844e+16 0.01  0.33  0.46 13 141121023922 463
2014 325 11 21 02 55 53.443 43.72685 -121.31455  0.842 0.733 1.4086e+17 0.06  0.24  0.33 20 141121025553 464
2014 325 11 21 02 56 30.078 43.72648 -121.31113  0.836 -0.073 8.7111e+15 0.01  0.36  0.51 11 141121025630 465
2014 325 11 21 03 11 17.845 43.72593 -121.31112  0.897 0.065 1.4061e+16 0.03  0.33  0.48 13 141121031117 466
2014 325 11 21 03 31 15.661 43.72445 -121.31233  0.575 0.019 1.1979e+16 0.03  0.37  0.53 11 141121033115 467
2014 325 11 21 04 19 25.412 43.72590 -121.31337  1.233 0.557 7.6838e+16 0.06  0.29  0.43 18 141121041925 468
2014 325 11 21 04 19 32.809 43.72592 -121.30775  0.899 -0.062 9.0689e+15 0.01  0.57  1.17 07 141121041933 469
2014 325 11 21 09 05  3.049 43.72853 -121.31237  0.832 0.365 3.9584e+16 0.03  0.29  0.39 15 141121090502 470
2014 325 11 21 09 57 35.244 43.72502 -121.31500  0.698 1.331 1.1125e+18 0.06  0.24  0.32 19 141121095735 471
2014 325 11 21 09 57 48.903 43.72610 -121.31112  0.666 0.589 8.5697e+16 0.01  0.31  0.54 12 141121095748 472
2014 325 11 21 12 34 17.678 43.72315 -121.31095  0.826 -0.078 8.5824e+15 0.02  0.48  0.70 10 141121123417 473
2014 325 11 21 12 47 26.391 43.72633 -121.31013  0.826 0.216 2.3629e+16 0.02  0.32  0.41 14 141121124726 474
2014 325 11 21 14 11 40.062 43.72655 -121.30860  1.084 0.236 2.5328e+16 0.03  0.33  0.51 15 141121141140 475
2014 326 11 22 09 46 24.849 43.72632 -121.31102  0.951 0.053 1.3476e+16 0.02  0.39  0.52 11 141122094624 476
2014 326 11 22 10 19 32.321 43.72517 -121.30848  0.891 0.567 7.9485e+16 0.02  0.36  0.51 14 141122101932 477
2014 328 11 24 02 02  3.545 43.72458 -121.31383  0.678 1.102 5.0450e+17 0.05  0.26  0.38 18 141124020203 478
2014 328 11 24 02 02 27.398 43.72482 -121.30927  1.059 0.052 1.3421e+16 0.01  0.44  0.77 11 141124020227 479
2014 329 11 25 21 05 18.064 43.72457 -121.30810  0.855 0.209 2.3059e+16 0.02  0.42  0.60 11 141125210518 480
2014 330 11 26 05 51 38.842 43.72672 -121.31225  0.414 -0.203 5.5655e+15 0.02  0.29  0.53 13 141126055138 481
2014 330 11 26 10 55 46.241 43.72228 -121.30937  1.311 0.166 1.9923e+16 0.04  0.44  0.63 12 141126105546 482
2014 332 11 28 04 16  7.969 43.72492 -121.30995  0.923 0.189 2.1543e+16 0.03  0.31  0.47 14 141128041607 483
2014 332 11 28 14 43  9.558 43.72610 -121.30975  1.312 0.054 1.3511e+16 0.08  0.31  0.43 16 141128144309 484
2014 334 11 30 10 05 35.562 43.72038 -121.30847  0.860 0.194 2.1926e+16 0.11  0.30  0.49 14 141130100535 485
2014 334 11 30 15 31 42.961 43.72092 -121.31097  0.748 0.919 2.6831e+17 0.03  0.29  0.40 17 141130153142 486
2014 336 12 02 00 00 17.571 43.72640 -121.31108  0.908 0.236 2.5327e+16 0.02  0.41  0.53 11 141202000017 487
2014 345 12 11 15 53 21.330 43.72397 -121.31190  0.647 0.779 1.6541e+17 0.02  0.34  0.54 11 141211155321 488
2014 345 12 11 17 13 30.413 43.72327 -121.31113  0.726 0.261 2.7659e+16 0.02  0.44  0.70 09 141211171330 489
2014 346 12 12 06 46 40.050 43.72272 -121.31493  0.919 0.404 4.5277e+16 0.04  0.35  0.50 12 141212064640 490
2014 346 12 12 10 06 31.870 43.72387 -121.31588  1.083 0.384 4.2212e+16 0.05  0.36  0.48 13 141212100631 491
2014 346 12 12 11 03 48.192 43.72515 -121.31673  0.961 0.173 2.0402e+16 0.12  0.27  0.61 11 141212110348 492
2014 348 12 14 08 41 11.443 43.71853 -121.31263  1.028 0.808 1.8293e+17 0.07  0.37  0.51 14 141214084111 493
2014 349 12 15 01 24 12.761 43.72237 -121.31688  1.153 0.344 3.6821e+16 0.07  0.38  0.56 12 141215012413 494